% Column 0: Length, mm
% Column 1: B.t, Tesla
0.00000000e+000	3.58295713e-001	
5.21403083e-003	3.57410653e-001	
1.04280617e-002	3.56463578e-001	
1.56420925e-002	3.55596308e-001	
2.08561233e-002	3.54777285e-001	
2.60701541e-002	3.53958261e-001	
3.12841850e-002	3.53139574e-001	
3.64982158e-002	3.52373419e-001	
4.17122466e-002	3.51607264e-001	
4.69262774e-002	3.50841108e-001	
5.21403083e-002	3.50074953e-001	
5.73543391e-002	3.49308798e-001	
6.25683699e-002	3.48541177e-001	
6.77824008e-002	3.47663056e-001	
7.29964316e-002	3.46784936e-001	
7.82104624e-002	3.45906815e-001	
8.34244932e-002	3.45028695e-001	
8.86385241e-002	3.44150574e-001	
9.38525549e-002	3.43272453e-001	
9.90665857e-002	3.42394333e-001	
1.04280617e-001	3.41516212e-001	
1.09494647e-001	3.40639499e-001	
1.14708678e-001	3.39846874e-001	
1.19922709e-001	3.39054249e-001	
1.25136740e-001	3.38261624e-001	
1.30350771e-001	3.37468999e-001	
1.35564802e-001	3.36676374e-001	
1.40778832e-001	3.35883749e-001	
1.45992863e-001	3.35091124e-001	
1.51206894e-001	3.34298499e-001	
1.56420925e-001	3.32940843e-001	
1.61634956e-001	3.32010485e-001	
1.66848986e-001	3.31080126e-001	
1.72063017e-001	3.30149767e-001	
1.77277048e-001	3.29219408e-001	
1.82491079e-001	3.28289049e-001	
1.87705110e-001	3.27358690e-001	
1.92919141e-001	3.26428332e-001	
1.98133171e-001	3.25497973e-001	
2.03347202e-001	3.24567614e-001	
2.08561233e-001	3.23637255e-001	
2.13775264e-001	3.22706896e-001	
2.18989295e-001	3.21776537e-001	
2.24203326e-001	3.20846179e-001	
2.29417356e-001	3.19915820e-001	
2.34631387e-001	3.18981586e-001	
2.39845418e-001	3.17921342e-001	
2.45059449e-001	3.16861098e-001	
2.50273480e-001	3.15800855e-001	
2.55487511e-001	3.14740611e-001	
2.60701541e-001	3.13680367e-001	
2.65915572e-001	3.12620123e-001	
2.71129603e-001	3.11559879e-001	
2.76343634e-001	3.10499636e-001	
2.81557665e-001	3.09439392e-001	
2.86771696e-001	3.08379148e-001	
2.91985726e-001	3.07318904e-001	
2.97199757e-001	3.06258661e-001	
3.02413788e-001	3.05198417e-001	
3.07627819e-001	3.04138173e-001	
3.12841850e-001	3.02558993e-001	
3.18055880e-001	3.01663683e-001	
3.23269911e-001	3.00768372e-001	
3.28483942e-001	2.99873061e-001	
3.33697973e-001	2.98977750e-001	
3.38912004e-001	2.98082439e-001	
3.44126035e-001	2.97187128e-001	
3.49340065e-001	2.96291817e-001	
3.54554096e-001	2.95396506e-001	
3.59768127e-001	2.94501195e-001	
3.64982158e-001	2.93605884e-001	
3.70196189e-001	2.92710573e-001	
3.75410220e-001	2.91815262e-001	
3.80624250e-001	2.90919951e-001	
3.85838281e-001	2.90024640e-001	
3.91052312e-001	2.89129329e-001	
3.96266343e-001	2.88234018e-001	
4.01480374e-001	2.87338707e-001	
4.06694405e-001	2.86443396e-001	
4.11908435e-001	2.85548085e-001	
4.17122466e-001	2.84652775e-001	
4.22336497e-001	2.83757464e-001	
4.27550528e-001	2.82862153e-001	
4.32764559e-001	2.81966842e-001	
4.37978590e-001	2.81071531e-001	
4.43192620e-001	2.80176220e-001	
4.48406651e-001	2.79280909e-001	
4.53620682e-001	2.78385598e-001	
4.58834713e-001	2.77490287e-001	
4.64048744e-001	2.76594976e-001	
4.69262774e-001	2.75215217e-001	
4.74476805e-001	2.74413822e-001	
4.79690836e-001	2.73612428e-001	
4.84904867e-001	2.72811033e-001	
4.90118898e-001	2.72009639e-001	
4.95332929e-001	2.71208244e-001	
5.00546959e-001	2.70406850e-001	
5.05760990e-001	2.69605455e-001	
5.10975021e-001	2.68804061e-001	
5.16189052e-001	2.68002667e-001	
5.21403083e-001	2.67201272e-001	
5.26617114e-001	2.66399878e-001	
5.31831144e-001	2.65598483e-001	
5.37045175e-001	2.64797089e-001	
5.42259206e-001	2.63995694e-001	
5.47473237e-001	2.63194300e-001	
5.52687268e-001	2.62392905e-001	
5.57901299e-001	2.61591511e-001	
5.63115329e-001	2.60790116e-001	
5.68329360e-001	2.59988722e-001	
5.73543391e-001	2.59187327e-001	
5.78757422e-001	2.58385933e-001	
5.83971453e-001	2.57584538e-001	
5.89185484e-001	2.56783144e-001	
5.94399514e-001	2.55981750e-001	
5.99613545e-001	2.55180355e-001	
6.04827576e-001	2.54378961e-001	
6.10041607e-001	2.53577566e-001	
6.15255638e-001	2.52776172e-001	
6.20469668e-001	2.51974777e-001	
6.25683699e-001	2.50717602e-001	
6.30897730e-001	2.49982322e-001	
6.36111761e-001	2.49247041e-001	
6.41325792e-001	2.48511760e-001	
6.46539823e-001	2.47776479e-001	
6.51753853e-001	2.47041198e-001	
6.56967884e-001	2.46305918e-001	
6.62181915e-001	2.45570637e-001	
6.67395946e-001	2.44835356e-001	
6.72609977e-001	2.44100075e-001	
6.77824008e-001	2.43364794e-001	
6.83038038e-001	2.42629514e-001	
6.88252069e-001	2.41894233e-001	
6.93466100e-001	2.41158952e-001	
6.98680131e-001	2.40423671e-001	
7.03894162e-001	2.39688390e-001	
7.09108193e-001	2.38953109e-001	
7.14322223e-001	2.38217829e-001	
7.19536254e-001	2.37482548e-001	
7.24750285e-001	2.36747267e-001	
7.29964316e-001	2.36011986e-001	
7.35178347e-001	2.35276705e-001	
7.40392378e-001	2.34541425e-001	
7.45606408e-001	2.33806144e-001	
7.50820439e-001	2.33070863e-001	
7.56034470e-001	2.32335582e-001	
7.61248501e-001	2.31600301e-001	
7.66462532e-001	2.30865021e-001	
7.71676562e-001	2.30129740e-001	
7.76890593e-001	2.29394459e-001	
7.82104624e-001	2.28259879e-001	
7.87318655e-001	2.27435212e-001	
7.92532686e-001	2.26610545e-001	
7.97746717e-001	2.25785878e-001	
8.02960747e-001	2.24961211e-001	
8.08174778e-001	2.24136544e-001	
8.13388809e-001	2.23311876e-001	
8.18602840e-001	2.22487209e-001	
8.23816871e-001	2.21662542e-001	
8.29030902e-001	2.20837875e-001	
8.34244932e-001	2.20013208e-001	
8.39458963e-001	2.19188541e-001	
8.44672994e-001	2.18363874e-001	
8.49887025e-001	2.17539207e-001	
8.55101056e-001	2.16714539e-001	
8.60315087e-001	2.15889872e-001	
8.65529117e-001	2.15065205e-001	
8.70743148e-001	2.14240538e-001	
8.75957179e-001	2.13415871e-001	
8.81171210e-001	2.12591204e-001	
8.86385241e-001	2.11766537e-001	
8.91599272e-001	2.10941870e-001	
8.96813302e-001	2.10117202e-001	
9.02027333e-001	2.09292535e-001	
9.07241364e-001	2.08467868e-001	
9.12455395e-001	2.07643201e-001	
9.17669426e-001	2.06818534e-001	
9.22883456e-001	2.05993867e-001	
9.28097487e-001	2.05169200e-001	
9.33311518e-001	2.04344533e-001	
9.38525549e-001	2.03217014e-001	
9.43739580e-001	2.02473471e-001	
9.48953611e-001	2.01729929e-001	
9.54167641e-001	2.00986386e-001	
9.59381672e-001	2.00242844e-001	
9.64595703e-001	1.99499301e-001	
9.69809734e-001	1.98755758e-001	
9.75023765e-001	1.98012216e-001	
9.80237796e-001	1.97268673e-001	
9.85451826e-001	1.96525131e-001	
9.90665857e-001	1.95781588e-001	
9.95879888e-001	1.95038046e-001	
1.00109392e+000	1.94294503e-001	
1.00630795e+000	1.93550960e-001	
1.01152198e+000	1.92807418e-001	
1.01673601e+000	1.92063875e-001	
1.02195004e+000	1.91320333e-001	
1.02716407e+000	1.90576790e-001	
1.03237810e+000	1.89833247e-001	
1.03759213e+000	1.89089705e-001	
1.04280617e+000	1.88346162e-001	
1.04802020e+000	1.87602620e-001	
1.05323423e+000	1.86859077e-001	
1.05844826e+000	1.86115534e-001	
1.06366229e+000	1.85371992e-001	
1.06887632e+000	1.84628449e-001	
1.07409035e+000	1.83884907e-001	
1.07930438e+000	1.83141364e-001	
1.08451841e+000	1.82397821e-001	
1.08973244e+000	1.81654279e-001	
1.09494647e+000	1.80624230e-001	
1.10016050e+000	1.79979959e-001	
1.10537454e+000	1.79335688e-001	
1.11058857e+000	1.78691417e-001	
1.11580260e+000	1.78047145e-001	
1.12101663e+000	1.77402874e-001	
1.12623066e+000	1.76758603e-001	
1.13144469e+000	1.76114332e-001	
1.13665872e+000	1.75470061e-001	
1.14187275e+000	1.74825790e-001	
1.14708678e+000	1.74181519e-001	
1.15230081e+000	1.73537248e-001	
1.15751484e+000	1.72892976e-001	
1.16272887e+000	1.72248705e-001	
1.16794291e+000	1.71604434e-001	
1.17315694e+000	1.70960163e-001	
1.17837097e+000	1.70315892e-001	
1.18358500e+000	1.69671621e-001	
1.18879903e+000	1.69027350e-001	
1.19401306e+000	1.68383079e-001	
1.19922709e+000	1.67738807e-001	
1.20444112e+000	1.67094536e-001	
1.20965515e+000	1.66450265e-001	
1.21486918e+000	1.65805994e-001	
1.22008321e+000	1.65161723e-001	
1.22529724e+000	1.64517452e-001	
1.23051128e+000	1.63873181e-001	
1.23572531e+000	1.63228910e-001	
1.24093934e+000	1.62584639e-001	
1.24615337e+000	1.61940367e-001	
1.25136740e+000	1.61031515e-001	
1.25658143e+000	1.60468922e-001	
1.26179546e+000	1.59906328e-001	
1.26700949e+000	1.59343734e-001	
1.27222352e+000	1.58781141e-001	
1.27743755e+000	1.58218547e-001	
1.28265158e+000	1.57655954e-001	
1.28786561e+000	1.57093360e-001	
1.29307965e+000	1.56530767e-001	
1.29829368e+000	1.55968173e-001	
1.30350771e+000	1.55405580e-001	
1.30872174e+000	1.54842986e-001	
1.31393577e+000	1.54280392e-001	
1.31914980e+000	1.53717799e-001	
1.32436383e+000	1.53155205e-001	
1.32957786e+000	1.52592612e-001	
1.33479189e+000	1.52030018e-001	
1.34000592e+000	1.51467425e-001	
1.34521995e+000	1.50904831e-001	
1.35043398e+000	1.50342238e-001	
1.35564802e+000	1.49779644e-001	
1.36086205e+000	1.49217050e-001	
1.36607608e+000	1.48654457e-001	
1.37129011e+000	1.48091863e-001	
1.37650414e+000	1.47529270e-001	
1.38171817e+000	1.46966676e-001	
1.38693220e+000	1.46404083e-001	
1.39214623e+000	1.45841489e-001	
1.39736026e+000	1.45278896e-001	
1.40257429e+000	1.44716302e-001	
1.40778832e+000	1.43929827e-001	
1.41300235e+000	1.43402905e-001	
1.41821639e+000	1.42875982e-001	
1.42343042e+000	1.42349060e-001	
1.42864445e+000	1.41822137e-001	
1.43385848e+000	1.41295215e-001	
1.43907251e+000	1.40768292e-001	
1.44428654e+000	1.40241370e-001	
1.44950057e+000	1.39714447e-001	
1.45471460e+000	1.39187524e-001	
1.45992863e+000	1.38660602e-001	
1.46514266e+000	1.38133679e-001	
1.47035669e+000	1.37606757e-001	
1.47557072e+000	1.37079834e-001	
1.48078476e+000	1.36552912e-001	
1.48599879e+000	1.36025989e-001	
1.49121282e+000	1.35499067e-001	
1.49642685e+000	1.34972144e-001	
1.50164088e+000	1.34445222e-001	
1.50685491e+000	1.33918299e-001	
1.51206894e+000	1.33391377e-001	
1.51728297e+000	1.32864454e-001	
1.52249700e+000	1.32337531e-001	
1.52771103e+000	1.31810609e-001	
1.53292506e+000	1.31283686e-001	
1.53813909e+000	1.30756764e-001	
1.54335312e+000	1.30229841e-001	
1.54856716e+000	1.29702919e-001	
1.55378119e+000	1.29175996e-001	
1.55899522e+000	1.28649074e-001	
1.56420925e+000	1.27949358e-001	
1.56942328e+000	1.27493966e-001	
1.57463731e+000	1.27038573e-001	
1.57985134e+000	1.26583181e-001	
1.58506537e+000	1.26127788e-001	
1.59027940e+000	1.25672396e-001	
1.59549343e+000	1.25217003e-001	
1.60070746e+000	1.24761611e-001	
1.60592149e+000	1.24306218e-001	
1.61113553e+000	1.23850826e-001	
1.61634956e+000	1.23395433e-001	
1.62156359e+000	1.22940040e-001	
1.62677762e+000	1.22484648e-001	
1.63199165e+000	1.22029255e-001	
1.63720568e+000	1.21573863e-001	
1.64241971e+000	1.21118470e-001	
1.64763374e+000	1.20663078e-001	
1.65284777e+000	1.20207685e-001	
1.65806180e+000	1.19752293e-001	
1.66327583e+000	1.19296900e-001	
1.66848986e+000	1.18841508e-001	
1.67370390e+000	1.18386115e-001	
1.67891793e+000	1.17930723e-001	
1.68413196e+000	1.17475330e-001	
1.68934599e+000	1.17019937e-001	
1.69456002e+000	1.16564545e-001	
1.69977405e+000	1.16109152e-001	
1.70498808e+000	1.15653760e-001	
1.71020211e+000	1.15198367e-001	
1.71541614e+000	1.14742975e-001	
1.72063017e+000	1.14106199e-001	
1.72584420e+000	1.13682401e-001	
1.73105823e+000	1.13258603e-001	
1.73627227e+000	1.12834805e-001	
1.74148630e+000	1.12411006e-001	
1.74670033e+000	1.11987208e-001	
1.75191436e+000	1.11563410e-001	
1.75712839e+000	1.11139612e-001	
1.76234242e+000	1.10715814e-001	
1.76755645e+000	1.10292015e-001	
1.77277048e+000	1.09868217e-001	
1.77798451e+000	1.09444419e-001	
1.78319854e+000	1.09020621e-001	
1.78841257e+000	1.08596823e-001	
1.79362660e+000	1.08173024e-001	
1.79884064e+000	1.07749226e-001	
1.80405467e+000	1.07325428e-001	
1.80926870e+000	1.06901630e-001	
1.81448273e+000	1.06477832e-001	
1.81969676e+000	1.06054033e-001	
1.82491079e+000	1.05630235e-001	
1.83012482e+000	1.05206437e-001	
1.83533885e+000	1.04782639e-001	
1.84055288e+000	1.04358840e-001	
1.84576691e+000	1.03935042e-001	
1.85098094e+000	1.03511244e-001	
1.85619497e+000	1.03087446e-001	
1.86140901e+000	1.02663648e-001	
1.86662304e+000	1.02239849e-001	
1.87183707e+000	1.01816051e-001	
1.87705110e+000	1.01260474e-001	
1.88226513e+000	1.00879067e-001	
1.88747916e+000	1.00497659e-001	
1.89269319e+000	1.00116252e-001	
1.89790722e+000	9.97348439e-002	
1.90312125e+000	9.93534363e-002	
1.90833528e+000	9.89720286e-002	
1.91354931e+000	9.85906210e-002	
1.91876334e+000	9.82092134e-002	
1.92397738e+000	9.78278058e-002	
1.92919141e+000	9.74463982e-002	
1.93440544e+000	9.70649905e-002	
1.93961947e+000	9.66835829e-002	
1.94483350e+000	9.63021753e-002	
1.95004753e+000	9.59207677e-002	
1.95526156e+000	9.55393601e-002	
1.96047559e+000	9.51579524e-002	
1.96568962e+000	9.47765448e-002	
1.97090365e+000	9.43951372e-002	
1.97611768e+000	9.40137296e-002	
1.98133171e+000	9.36323220e-002	
1.98654575e+000	9.32509143e-002	
1.99175978e+000	9.28695067e-002	
1.99697381e+000	9.24880991e-002	
2.00218784e+000	9.21066915e-002	
2.00740187e+000	9.17252839e-002	
2.01261590e+000	9.13438763e-002	
2.01782993e+000	9.09624686e-002	
2.02304396e+000	9.05810610e-002	
2.02825799e+000	9.01996534e-002	
2.03347202e+000	8.96906215e-002	
2.03868605e+000	8.93351218e-002	
2.04390008e+000	8.89796222e-002	
2.04911412e+000	8.86241226e-002	
2.05432815e+000	8.82686229e-002	
2.05954218e+000	8.79131233e-002	
2.06475621e+000	8.75576237e-002	
2.06997024e+000	8.72021240e-002	
2.07518427e+000	8.68466244e-002	
2.08039830e+000	8.64911248e-002	
2.08561233e+000	8.61356251e-002	
2.09082636e+000	8.57801255e-002	
2.09604039e+000	8.54246259e-002	
2.10125442e+000	8.50691262e-002	
2.10646845e+000	8.47136266e-002	
2.11168249e+000	8.43581270e-002	
2.11689652e+000	8.40026273e-002	
2.12211055e+000	8.36471277e-002	
2.12732458e+000	8.32916281e-002	
2.13253861e+000	8.29361284e-002	
2.13775264e+000	8.25806288e-002	
2.14296667e+000	8.22251292e-002	
2.14818070e+000	8.18696295e-002	
2.15339473e+000	8.15141299e-002	
2.15860876e+000	8.11586303e-002	
2.16382279e+000	8.08031306e-002	
2.16903682e+000	8.04476310e-002	
2.17425086e+000	8.00921314e-002	
2.17946489e+000	7.97366317e-002	
2.18467892e+000	7.93811321e-002	
2.18989295e+000	7.89200395e-002	
2.19510698e+000	7.86114688e-002	
2.20032101e+000	7.83028981e-002	
2.20553504e+000	7.79943274e-002	
2.21074907e+000	7.76857568e-002	
2.21596310e+000	7.73771861e-002	
2.22117713e+000	7.70686154e-002	
2.22639116e+000	7.67600447e-002	
2.23160519e+000	7.64514740e-002	
2.23681923e+000	7.61429034e-002	
2.24203326e+000	7.58343327e-002	
2.24724729e+000	7.55257620e-002	
2.25246132e+000	7.52171913e-002	
2.25767535e+000	7.49086206e-002	
2.26288938e+000	7.46000500e-002	
2.26810341e+000	7.42914793e-002	
2.27331744e+000	7.39829086e-002	
2.27853147e+000	7.36743379e-002	
2.28374550e+000	7.33657672e-002	
2.28895953e+000	7.30571966e-002	
2.29417356e+000	7.27486259e-002	
2.29938759e+000	7.24400552e-002	
2.30460163e+000	7.21314845e-002	
2.30981566e+000	7.18229138e-002	
2.31502969e+000	7.15143432e-002	
2.32024372e+000	7.12057725e-002	
2.32545775e+000	7.08972018e-002	
2.33067178e+000	7.05886311e-002	
2.33588581e+000	7.02800604e-002	
2.34109984e+000	6.99714898e-002	
2.34631387e+000	6.95683332e-002	
2.35152790e+000	6.92703555e-002	
2.35674193e+000	6.89723778e-002	
2.36195596e+000	6.86744002e-002	
2.36717000e+000	6.83764225e-002	
2.37238403e+000	6.80784449e-002	
2.37759806e+000	6.77804672e-002	
2.38281209e+000	6.74824895e-002	
2.38802612e+000	6.71845119e-002	
2.39324015e+000	6.68865342e-002	
2.39845418e+000	6.65885565e-002	
2.40366821e+000	6.62905789e-002	
2.40888224e+000	6.59926012e-002	
2.41409627e+000	6.56946235e-002	
2.41931030e+000	6.53966459e-002	
2.42452433e+000	6.50986682e-002	
2.42973837e+000	6.48006905e-002	
2.43495240e+000	6.45027129e-002	
2.44016643e+000	6.42047352e-002	
2.44538046e+000	6.39067575e-002	
2.45059449e+000	6.36087799e-002	
2.45580852e+000	6.33108022e-002	
2.46102255e+000	6.30128245e-002	
2.46623658e+000	6.27148469e-002	
2.47145061e+000	6.24168692e-002	
2.47666464e+000	6.21188915e-002	
2.48187867e+000	6.18209139e-002	
2.48709270e+000	6.15229362e-002	
2.49230674e+000	6.12249585e-002	
2.49752077e+000	6.09269809e-002	
2.50273480e+000	6.05428323e-002	
2.50794883e+000	6.02582949e-002	
2.51316286e+000	5.99737575e-002	
2.51837689e+000	5.96892201e-002	
2.52359092e+000	5.94046827e-002	
2.52880495e+000	5.91201453e-002	
2.53401898e+000	5.88356079e-002	
2.53923301e+000	5.85510705e-002	
2.54444704e+000	5.82665331e-002	
2.54966107e+000	5.79819957e-002	
2.55487511e+000	5.76974583e-002	
2.56008914e+000	5.74129209e-002	
2.56530317e+000	5.71283835e-002	
2.57051720e+000	5.68438461e-002	
2.57573123e+000	5.65593087e-002	
2.58094526e+000	5.62747713e-002	
2.58615929e+000	5.59902339e-002	
2.59137332e+000	5.57056965e-002	
2.59658735e+000	5.54211591e-002	
2.60180138e+000	5.51366217e-002	
2.60701541e+000	5.48520843e-002	
2.61222944e+000	5.45675469e-002	
2.61744348e+000	5.42830095e-002	
2.62265751e+000	5.39984721e-002	
2.62787154e+000	5.37139347e-002	
2.63308557e+000	5.34293973e-002	
2.63829960e+000	5.31448599e-002	
2.64351363e+000	5.28603225e-002	
2.64872766e+000	5.25757851e-002	
2.65394169e+000	5.22912477e-002	
2.65915572e+000	5.19356861e-002	
2.66436975e+000	5.16769361e-002	
2.66958378e+000	5.14181861e-002	
2.67479781e+000	5.11594361e-002	
2.68001185e+000	5.09006862e-002	
2.68522588e+000	5.06419362e-002	
2.69043991e+000	5.03831862e-002	
2.69565394e+000	5.01244362e-002	
2.70086797e+000	4.98656863e-002	
2.70608200e+000	4.96069363e-002	
2.71129603e+000	4.93481863e-002	
2.71651006e+000	4.90894363e-002	
2.72172409e+000	4.88306863e-002	
2.72693812e+000	4.85719364e-002	
2.73215215e+000	4.83131864e-002	
2.73736618e+000	4.80544364e-002	
2.74258022e+000	4.77956864e-002	
2.74779425e+000	4.75369365e-002	
2.75300828e+000	4.72781865e-002	
2.75822231e+000	4.70194365e-002	
2.76343634e+000	4.67606865e-002	
2.76865037e+000	4.65019366e-002	
2.77386440e+000	4.62431866e-002	
2.77907843e+000	4.59844366e-002	
2.78429246e+000	4.57256866e-002	
2.78950649e+000	4.54669367e-002	
2.79472052e+000	4.52081867e-002	
2.79993455e+000	4.49494367e-002	
2.80514859e+000	4.46906867e-002	
2.81036262e+000	4.44319368e-002	
2.81557665e+000	4.41132565e-002	
2.82079068e+000	4.38749759e-002	
2.82600471e+000	4.36366953e-002	
2.83121874e+000	4.33984147e-002	
2.83643277e+000	4.31601341e-002	
2.84164680e+000	4.29218535e-002	
2.84686083e+000	4.26835729e-002	
2.85207486e+000	4.24452923e-002	
2.85728889e+000	4.22070117e-002	
2.86250292e+000	4.19687311e-002	
2.86771696e+000	4.17304505e-002	
2.87293099e+000	4.14921699e-002	
2.87814502e+000	4.12538893e-002	
2.88335905e+000	4.10156087e-002	
2.88857308e+000	4.07773281e-002	
2.89378711e+000	4.05390474e-002	
2.89900114e+000	4.03007668e-002	
2.90421517e+000	4.00624862e-002	
2.90942920e+000	3.98242056e-002	
2.91464323e+000	3.95859250e-002	
2.91985726e+000	3.93476444e-002	
2.92507129e+000	3.91093638e-002	
2.93028533e+000	3.88710832e-002	
2.93549936e+000	3.86328026e-002	
2.94071339e+000	3.83945220e-002	
2.94592742e+000	3.81562414e-002	
2.95114145e+000	3.79179608e-002	
2.95635548e+000	3.76796802e-002	
2.96156951e+000	3.74413996e-002	
2.96678354e+000	3.72031190e-002	
2.97199757e+000	3.69053450e-002	
2.97721160e+000	3.66856357e-002	
2.98242563e+000	3.64659264e-002	
2.98763966e+000	3.62462171e-002	
2.99285370e+000	3.60265078e-002	
2.99806773e+000	3.58067985e-002	
3.00328176e+000	3.55870892e-002	
3.00849579e+000	3.53673799e-002	
3.01370982e+000	3.51476706e-002	
3.01892385e+000	3.49279613e-002	
3.02413788e+000	3.47082520e-002	
3.02935191e+000	3.44885427e-002	
3.03456594e+000	3.42688335e-002	
3.03977997e+000	3.40491242e-002	
3.04499400e+000	3.38294149e-002	
3.05020803e+000	3.36097056e-002	
3.05542206e+000	3.33899963e-002	
3.06063610e+000	3.31702870e-002	
3.06585013e+000	3.29505777e-002	
3.07106416e+000	3.27308684e-002	
3.07627819e+000	3.25111591e-002	
3.08149222e+000	3.22914498e-002	
3.08670625e+000	3.20717405e-002	
3.09192028e+000	3.18520312e-002	
3.09713431e+000	3.16323219e-002	
3.10234834e+000	3.14126126e-002	
3.10756237e+000	3.11929034e-002	
3.11277640e+000	3.09731941e-002	
3.11799043e+000	3.07534848e-002	
3.12320447e+000	3.05337755e-002	
3.12841850e+000	3.02463056e-002	
3.13363253e+000	3.00269483e-002	
3.13884656e+000	2.98075910e-002	
3.14406059e+000	2.95882337e-002	
3.14927462e+000	2.93688764e-002	
3.15448865e+000	2.91495191e-002	
3.15970268e+000	2.89301618e-002	
3.16491671e+000	2.87108045e-002	
3.17013074e+000	2.84914472e-002	
3.17534477e+000	2.82720900e-002	
3.18055880e+000	2.80527327e-002	
3.18577284e+000	2.78333754e-002	
3.19098687e+000	2.76140181e-002	
3.19620090e+000	2.73946608e-002	
3.20141493e+000	2.71753035e-002	
3.20662896e+000	2.69559462e-002	
3.21184299e+000	2.67365889e-002	
3.21705702e+000	2.65172317e-002	
3.22227105e+000	2.62978744e-002	
3.22748508e+000	2.60785171e-002	
3.23269911e+000	2.58591598e-002	
3.23791314e+000	2.56398025e-002	
3.24312717e+000	2.54204452e-002	
3.24834121e+000	2.52010879e-002	
3.25355524e+000	2.49817306e-002	
3.25876927e+000	2.47623734e-002	
3.26398330e+000	2.45430161e-002	
3.26919733e+000	2.43236588e-002	
3.27441136e+000	2.41043015e-002	
3.27962539e+000	2.38849442e-002	
3.28483942e+000	2.36135094e-002	
3.29005345e+000	2.34091337e-002	
3.29526748e+000	2.32047580e-002	
3.30048151e+000	2.30003823e-002	
3.30569554e+000	2.27960066e-002	
3.31090958e+000	2.25916309e-002	
3.31612361e+000	2.23872552e-002	
3.32133764e+000	2.21828795e-002	
3.32655167e+000	2.19785038e-002	
3.33176570e+000	2.17741281e-002	
3.33697973e+000	2.15697524e-002	
3.34219376e+000	2.13653767e-002	
3.34740779e+000	2.11610010e-002	
3.35262182e+000	2.09566253e-002	
3.35783585e+000	2.07522496e-002	
3.36304988e+000	2.05478739e-002	
3.36826391e+000	2.03434983e-002	
3.37347795e+000	2.01391226e-002	
3.37869198e+000	1.99347469e-002	
3.38390601e+000	1.97303712e-002	
3.38912004e+000	1.95259955e-002	
3.39433407e+000	1.93216198e-002	
3.39954810e+000	1.91172441e-002	
3.40476213e+000	1.89128684e-002	
3.40997616e+000	1.87084927e-002	
3.41519019e+000	1.85041170e-002	
3.42040422e+000	1.82997413e-002	
3.42561825e+000	1.80953656e-002	
3.43083228e+000	1.78909899e-002	
3.43604632e+000	1.76866142e-002	
3.44126035e+000	1.74294285e-002	
3.44647438e+000	1.72356255e-002	
3.45168841e+000	1.70418225e-002	
3.45690244e+000	1.68480196e-002	
3.46211647e+000	1.66542166e-002	
3.46733050e+000	1.64604136e-002	
3.47254453e+000	1.62666106e-002	
3.47775856e+000	1.60728077e-002	
3.48297259e+000	1.58790047e-002	
3.48818662e+000	1.56852017e-002	
3.49340065e+000	1.54913987e-002	
3.49861469e+000	1.52975957e-002	
3.50382872e+000	1.51037928e-002	
3.50904275e+000	1.49099898e-002	
3.51425678e+000	1.47161868e-002	
3.51947081e+000	1.45223838e-002	
3.52468484e+000	1.43285809e-002	
3.52989887e+000	1.41347779e-002	
3.53511290e+000	1.39409749e-002	
3.54032693e+000	1.37471719e-002	
3.54554096e+000	1.35533689e-002	
3.55075499e+000	1.33595660e-002	
3.55596902e+000	1.31657630e-002	
3.56118306e+000	1.29719600e-002	
3.56639709e+000	1.27781570e-002	
3.57161112e+000	1.25843541e-002	
3.57682515e+000	1.23905511e-002	
3.58203918e+000	1.21967481e-002	
3.58725321e+000	1.20029451e-002	
3.59246724e+000	1.18091421e-002	
3.59768127e+000	1.15616152e-002	
3.60289530e+000	1.13711653e-002	
3.60810933e+000	1.11807154e-002	
3.61332336e+000	1.09902656e-002	
3.61853739e+000	1.07998157e-002	
3.62375143e+000	1.06093658e-002	
3.62896546e+000	1.04189160e-002	
3.63417949e+000	1.02284661e-002	
3.63939352e+000	1.00380163e-002	
3.64460755e+000	9.84756639e-003	
3.64982158e+000	9.65711653e-003	
3.65503561e+000	9.46666667e-003	
3.66024964e+000	9.27621680e-003	
3.66546367e+000	9.08576694e-003	
3.67067770e+000	8.89531708e-003	
3.67589173e+000	8.70486721e-003	
3.68110576e+000	8.51441735e-003	
3.68631980e+000	8.32396749e-003	
3.69153383e+000	8.13351762e-003	
3.69674786e+000	7.94306776e-003	
3.70196189e+000	7.75261790e-003	
3.70717592e+000	7.56216803e-003	
3.71238995e+000	7.37171817e-003	
3.71760398e+000	7.18126831e-003	
3.72281801e+000	6.99081844e-003	
3.72803204e+000	6.80036858e-003	
3.73324607e+000	6.60991872e-003	
3.73846010e+000	6.41946886e-003	
3.74367413e+000	6.22901899e-003	
3.74888817e+000	6.03856913e-003	
3.75410220e+000	5.79112886e-003	
3.75931623e+000	5.59927207e-003	
3.76453026e+000	5.40741527e-003	
3.76974429e+000	5.21555848e-003	
3.77495832e+000	5.02370168e-003	
3.78017235e+000	4.83184489e-003	
3.78538638e+000	4.63998809e-003	
3.79060041e+000	4.44813130e-003	
3.79581444e+000	4.25627450e-003	
3.80102847e+000	4.06441771e-003	
3.80624250e+000	3.87256091e-003	
3.81145653e+000	3.68070412e-003	
3.81667057e+000	3.48884732e-003	
3.82188460e+000	3.29699053e-003	
3.82709863e+000	3.10513373e-003	
3.83231266e+000	2.91327694e-003	
3.83752669e+000	2.72142014e-003	
3.84274072e+000	2.52956335e-003	
3.84795475e+000	2.33770655e-003	
3.85316878e+000	2.14584976e-003	
3.85838281e+000	1.95399296e-003	
3.86359684e+000	1.76213617e-003	
3.86881087e+000	1.57027937e-003	
3.87402490e+000	1.37842258e-003	
3.87923894e+000	1.18656578e-003	
3.88445297e+000	9.94708987e-004	
3.88966700e+000	8.02852192e-004	
3.89488103e+000	6.10995397e-004	
3.90009506e+000	4.19138602e-004	
3.90530909e+000	2.27281807e-004	
3.91052312e+000	-1.37014879e-005	
3.91573715e+000	-2.07636423e-004	
3.92095118e+000	-4.01571358e-004	
3.92616521e+000	-5.95506292e-004	
3.93137924e+000	-7.89441227e-004	
3.93659327e+000	-9.83376162e-004	
3.94180731e+000	-1.17731110e-003	
3.94702134e+000	-1.37124603e-003	
3.95223537e+000	-1.56518097e-003	
3.95744940e+000	-1.75911590e-003	
3.96266343e+000	-1.95305084e-003	
3.96787746e+000	-2.14698577e-003	
3.97309149e+000	-2.34092071e-003	
3.97830552e+000	-2.53485564e-003	
3.98351955e+000	-2.72879058e-003	
3.98873358e+000	-2.92272551e-003	
3.99394761e+000	-3.11666044e-003	
3.99916164e+000	-3.31059538e-003	
4.00437568e+000	-3.50453031e-003	
4.00958971e+000	-3.69846525e-003	
4.01480374e+000	-3.89240018e-003	
4.02001777e+000	-4.08633512e-003	
4.02523180e+000	-4.28027005e-003	
4.03044583e+000	-4.47420499e-003	
4.03565986e+000	-4.66813992e-003	
4.04087389e+000	-4.86207486e-003	
4.04608792e+000	-5.05600979e-003	
4.05130195e+000	-5.24994473e-003	
4.05651598e+000	-5.44387966e-003	
4.06173001e+000	-5.63781460e-003	
4.06694405e+000	-5.87843678e-003	
4.07215808e+000	-6.07464288e-003	
4.07737211e+000	-6.27084898e-003	
4.08258614e+000	-6.46705508e-003	
4.08780017e+000	-6.66326117e-003	
4.09301420e+000	-6.85946727e-003	
4.09822823e+000	-7.05567337e-003	
4.10344226e+000	-7.25187947e-003	
4.10865629e+000	-7.44808557e-003	
4.11387032e+000	-7.64429166e-003	
4.11908435e+000	-7.84049776e-003	
4.12429838e+000	-8.03670386e-003	
4.12951242e+000	-8.23290996e-003	
4.13472645e+000	-8.42911606e-003	
4.13994048e+000	-8.62532215e-003	
4.14515451e+000	-8.82152825e-003	
4.15036854e+000	-9.01773435e-003	
4.15558257e+000	-9.21394045e-003	
4.16079660e+000	-9.41014655e-003	
4.16601063e+000	-9.60635264e-003	
4.17122466e+000	-9.80255874e-003	
4.17643869e+000	-9.99876484e-003	
4.18165272e+000	-1.01949709e-002	
4.18686675e+000	-1.03911770e-002	
4.19208079e+000	-1.05873831e-002	
4.19729482e+000	-1.07835892e-002	
4.20250885e+000	-1.09797953e-002	
4.20772288e+000	-1.11760014e-002	
4.21293691e+000	-1.13722075e-002	
4.21815094e+000	-1.15684136e-002	
4.22336497e+000	-1.18204879e-002	
4.22857900e+000	-1.20200361e-002	
4.23379303e+000	-1.22195843e-002	
4.23900706e+000	-1.24191325e-002	
4.24422109e+000	-1.26186808e-002	
4.24943512e+000	-1.28182290e-002	
4.25464916e+000	-1.30177772e-002	
4.25986319e+000	-1.32173254e-002	
4.26507722e+000	-1.34168737e-002	
4.27029125e+000	-1.36164219e-002	
4.27550528e+000	-1.38159701e-002	
4.28071931e+000	-1.40155183e-002	
4.28593334e+000	-1.42150666e-002	
4.29114737e+000	-1.44146148e-002	
4.29636140e+000	-1.46141630e-002	
4.30157543e+000	-1.48137112e-002	
4.30678946e+000	-1.50132595e-002	
4.31200349e+000	-1.52128077e-002	
4.31721753e+000	-1.54123559e-002	
4.32243156e+000	-1.56119041e-002	
4.32764559e+000	-1.58114524e-002	
4.33285962e+000	-1.60110006e-002	
4.33807365e+000	-1.62105488e-002	
4.34328768e+000	-1.64100970e-002	
4.34850171e+000	-1.66096453e-002	
4.35371574e+000	-1.68091935e-002	
4.35892977e+000	-1.70087417e-002	
4.36414380e+000	-1.72082899e-002	
4.36935783e+000	-1.74078382e-002	
4.37457186e+000	-1.76073864e-002	
4.37978590e+000	-1.78642831e-002	
4.38499993e+000	-1.80641055e-002	
4.39021396e+000	-1.82639279e-002	
4.39542799e+000	-1.84637503e-002	
4.40064202e+000	-1.86635727e-002	
4.40585605e+000	-1.88633951e-002	
4.41107008e+000	-1.90632175e-002	
4.41628411e+000	-1.92630399e-002	
4.42149814e+000	-1.94628623e-002	
4.42671217e+000	-1.96626847e-002	
4.43192620e+000	-1.98625071e-002	
4.43714023e+000	-2.00623295e-002	
4.44235427e+000	-2.02621519e-002	
4.44756830e+000	-2.04619743e-002	
4.45278233e+000	-2.06617967e-002	
4.45799636e+000	-2.08616191e-002	
4.46321039e+000	-2.10614415e-002	
4.46842442e+000	-2.12612639e-002	
4.47363845e+000	-2.14610863e-002	
4.47885248e+000	-2.16609087e-002	
4.48406651e+000	-2.18607311e-002	
4.48928054e+000	-2.20605535e-002	
4.49449457e+000	-2.22603759e-002	
4.49970860e+000	-2.24601983e-002	
4.50492264e+000	-2.26600207e-002	
4.51013667e+000	-2.28598430e-002	
4.51535070e+000	-2.30596654e-002	
4.52056473e+000	-2.32594878e-002	
4.52577876e+000	-2.34593102e-002	
4.53099279e+000	-2.36591326e-002	
4.53620682e+000	-2.39190487e-002	
4.54142085e+000	-2.41293477e-002	
4.54663488e+000	-2.43396468e-002	
4.55184891e+000	-2.45499459e-002	
4.55706294e+000	-2.47602449e-002	
4.56227697e+000	-2.49705440e-002	
4.56749100e+000	-2.51808430e-002	
4.57270504e+000	-2.53911421e-002	
4.57791907e+000	-2.56014411e-002	
4.58313310e+000	-2.58117402e-002	
4.58834713e+000	-2.60220393e-002	
4.59356116e+000	-2.62323383e-002	
4.59877519e+000	-2.64426374e-002	
4.60398922e+000	-2.66529364e-002	
4.60920325e+000	-2.68632355e-002	
4.61441728e+000	-2.70735345e-002	
4.61963131e+000	-2.72838336e-002	
4.62484534e+000	-2.74941327e-002	
4.63005937e+000	-2.77044317e-002	
4.63527341e+000	-2.79147308e-002	
4.64048744e+000	-2.81250298e-002	
4.64570147e+000	-2.83353289e-002	
4.65091550e+000	-2.85456279e-002	
4.65612953e+000	-2.87559270e-002	
4.66134356e+000	-2.89662261e-002	
4.66655759e+000	-2.91765251e-002	
4.67177162e+000	-2.93868242e-002	
4.67698565e+000	-2.95971232e-002	
4.68219968e+000	-2.98074223e-002	
4.68741371e+000	-3.00177213e-002	
4.69262774e+000	-3.02949824e-002	
4.69784178e+000	-3.05186117e-002	
4.70305581e+000	-3.07422410e-002	
4.70826984e+000	-3.09658703e-002	
4.71348387e+000	-3.11894996e-002	
4.71869790e+000	-3.14131289e-002	
4.72391193e+000	-3.16367582e-002	
4.72912596e+000	-3.18603875e-002	
4.73433999e+000	-3.20840168e-002	
4.73955402e+000	-3.23076461e-002	
4.74476805e+000	-3.25312754e-002	
4.74998208e+000	-3.27549047e-002	
4.75519611e+000	-3.29785340e-002	
4.76041015e+000	-3.32021633e-002	
4.76562418e+000	-3.34257927e-002	
4.77083821e+000	-3.36494220e-002	
4.77605224e+000	-3.38730513e-002	
4.78126627e+000	-3.40966806e-002	
4.78648030e+000	-3.43203099e-002	
4.79169433e+000	-3.45439392e-002	
4.79690836e+000	-3.47675685e-002	
4.80212239e+000	-3.49911978e-002	
4.80733642e+000	-3.52148271e-002	
4.81255045e+000	-3.54384564e-002	
4.81776448e+000	-3.56620857e-002	
4.82297852e+000	-3.58857150e-002	
4.82819255e+000	-3.61093443e-002	
4.83340658e+000	-3.63329736e-002	
4.83862061e+000	-3.65566029e-002	
4.84383464e+000	-3.67802322e-002	
4.84904867e+000	-3.70749538e-002	
4.85426270e+000	-3.73093789e-002	
4.85947673e+000	-3.75438040e-002	
4.86469076e+000	-3.77782291e-002	
4.86990479e+000	-3.80126541e-002	
4.87511882e+000	-3.82470792e-002	
4.88033285e+000	-3.84815043e-002	
4.88554689e+000	-3.87159294e-002	
4.89076092e+000	-3.89503545e-002	
4.89597495e+000	-3.91847796e-002	
4.90118898e+000	-3.94192047e-002	
4.90640301e+000	-3.96536297e-002	
4.91161704e+000	-3.98880548e-002	
4.91683107e+000	-4.01224799e-002	
4.92204510e+000	-4.03569050e-002	
4.92725913e+000	-4.05913301e-002	
4.93247316e+000	-4.08257552e-002	
4.93768719e+000	-4.10601803e-002	
4.94290122e+000	-4.12946053e-002	
4.94811526e+000	-4.15290304e-002	
4.95332929e+000	-4.17634555e-002	
4.95854332e+000	-4.19978806e-002	
4.96375735e+000	-4.22323057e-002	
4.96897138e+000	-4.24667308e-002	
4.97418541e+000	-4.27011559e-002	
4.97939944e+000	-4.29355809e-002	
4.98461347e+000	-4.31700060e-002	
4.98982750e+000	-4.34044311e-002	
4.99504153e+000	-4.36388562e-002	
5.00025556e+000	-4.38732813e-002	
5.00546959e+000	-4.41925137e-002	
5.01068363e+000	-4.44450397e-002	
5.01589766e+000	-4.46975657e-002	
5.02111169e+000	-4.49500917e-002	
5.02632572e+000	-4.52026176e-002	
5.03153975e+000	-4.54551436e-002	
5.03675378e+000	-4.57076696e-002	
5.04196781e+000	-4.59601956e-002	
5.04718184e+000	-4.62127215e-002	
5.05239587e+000	-4.64652475e-002	
5.05760990e+000	-4.67177735e-002	
5.06282393e+000	-4.69702995e-002	
5.06803796e+000	-4.72228254e-002	
5.07325200e+000	-4.74753514e-002	
5.07846603e+000	-4.77278774e-002	
5.08368006e+000	-4.79804034e-002	
5.08889409e+000	-4.82329294e-002	
5.09410812e+000	-4.84854553e-002	
5.09932215e+000	-4.87379813e-002	
5.10453618e+000	-4.89905073e-002	
5.10975021e+000	-4.92430333e-002	
5.11496424e+000	-4.94955592e-002	
5.12017827e+000	-4.97480852e-002	
5.12539230e+000	-5.00006112e-002	
5.13060633e+000	-5.02531372e-002	
5.13582037e+000	-5.05056631e-002	
5.14103440e+000	-5.07581891e-002	
5.14624843e+000	-5.10107151e-002	
5.15146246e+000	-5.12632411e-002	
5.15667649e+000	-5.15157670e-002	
5.16189052e+000	-5.18673971e-002	
5.16710455e+000	-5.21430059e-002	
5.17231858e+000	-5.24186148e-002	
5.17753261e+000	-5.26942236e-002	
5.18274664e+000	-5.29698325e-002	
5.18796067e+000	-5.32454413e-002	
5.19317470e+000	-5.35210502e-002	
5.19838874e+000	-5.37966590e-002	
5.20360277e+000	-5.40722679e-002	
5.20881680e+000	-5.43478767e-002	
5.21403083e+000	-5.46234856e-002	
5.21924486e+000	-5.48990944e-002	
5.22445889e+000	-5.51747033e-002	
5.22967292e+000	-5.54503121e-002	
5.23488695e+000	-5.57259210e-002	
5.24010098e+000	-5.60015298e-002	
5.24531501e+000	-5.62771387e-002	
5.25052904e+000	-5.65527475e-002	
5.25574307e+000	-5.68283564e-002	
5.26095711e+000	-5.71039653e-002	
5.26617114e+000	-5.73795741e-002	
5.27138517e+000	-5.76551830e-002	
5.27659920e+000	-5.79307918e-002	
5.28181323e+000	-5.82064007e-002	
5.28702726e+000	-5.84820095e-002	
5.29224129e+000	-5.87576184e-002	
5.29745532e+000	-5.90332272e-002	
5.30266935e+000	-5.93088361e-002	
5.30788338e+000	-5.95844449e-002	
5.31309741e+000	-5.98600538e-002	
5.31831144e+000	-6.02325113e-002	
5.32352547e+000	-6.05328608e-002	
5.32873951e+000	-6.08332103e-002	
5.33395354e+000	-6.11335599e-002	
5.33916757e+000	-6.14339094e-002	
5.34438160e+000	-6.17342589e-002	
5.34959563e+000	-6.20346084e-002	
5.35480966e+000	-6.23349579e-002	
5.36002369e+000	-6.26353074e-002	
5.36523772e+000	-6.29356570e-002	
5.37045175e+000	-6.32360065e-002	
5.37566578e+000	-6.35363560e-002	
5.38087981e+000	-6.38367055e-002	
5.38609384e+000	-6.41370550e-002	
5.39130788e+000	-6.44374046e-002	
5.39652191e+000	-6.47377541e-002	
5.40173594e+000	-6.50381036e-002	
5.40694997e+000	-6.53384531e-002	
5.41216400e+000	-6.56388026e-002	
5.41737803e+000	-6.59391521e-002	
5.42259206e+000	-6.62395017e-002	
5.42780609e+000	-6.65398512e-002	
5.43302012e+000	-6.68402007e-002	
5.43823415e+000	-6.71405502e-002	
5.44344818e+000	-6.74408997e-002	
5.44866221e+000	-6.77412493e-002	
5.45387625e+000	-6.80415988e-002	
5.45909028e+000	-6.83419483e-002	
5.46430431e+000	-6.86422978e-002	
5.46951834e+000	-6.89426473e-002	
5.47473237e+000	-6.93538213e-002	
5.47994640e+000	-6.96876810e-002	
5.48516043e+000	-7.00215407e-002	
5.49037446e+000	-7.03554003e-002	
5.49558849e+000	-7.06892600e-002	
5.50080252e+000	-7.10231197e-002	
5.50601655e+000	-7.13569794e-002	
5.51123058e+000	-7.16908390e-002	
5.51644462e+000	-7.20246987e-002	
5.52165865e+000	-7.23585584e-002	
5.52687268e+000	-7.26924180e-002	
5.53208671e+000	-7.30262777e-002	
5.53730074e+000	-7.33601374e-002	
5.54251477e+000	-7.36939971e-002	
5.54772880e+000	-7.40278567e-002	
5.55294283e+000	-7.43617164e-002	
5.55815686e+000	-7.46955761e-002	
5.56337089e+000	-7.50294357e-002	
5.56858492e+000	-7.53632954e-002	
5.57379895e+000	-7.56971551e-002	
5.57901299e+000	-7.60310148e-002	
5.58422702e+000	-7.63648744e-002	
5.58944105e+000	-7.66987341e-002	
5.59465508e+000	-7.70325938e-002	
5.59986911e+000	-7.73664534e-002	
5.60508314e+000	-7.77003131e-002	
5.61029717e+000	-7.80341728e-002	
5.61551120e+000	-7.83680325e-002	
5.62072523e+000	-7.87018921e-002	
5.62593926e+000	-7.90357518e-002	
5.63115329e+000	-7.94947697e-002	
5.63636732e+000	-7.98526337e-002	
5.64158136e+000	-8.02104976e-002	
5.64679539e+000	-8.05683616e-002	
5.65200942e+000	-8.09262256e-002	
5.65722345e+000	-8.12840896e-002	
5.66243748e+000	-8.16419535e-002	
5.66765151e+000	-8.19998175e-002	
5.67286554e+000	-8.23576815e-002	
5.67807957e+000	-8.27155455e-002	
5.68329360e+000	-8.30734094e-002	
5.68850763e+000	-8.34312734e-002	
5.69372166e+000	-8.37891374e-002	
5.69893569e+000	-8.41470014e-002	
5.70414973e+000	-8.45048653e-002	
5.70936376e+000	-8.48627293e-002	
5.71457779e+000	-8.52205933e-002	
5.71979182e+000	-8.55784573e-002	
5.72500585e+000	-8.59363212e-002	
5.73021988e+000	-8.62941852e-002	
5.73543391e+000	-8.66520492e-002	
5.74064794e+000	-8.70099132e-002	
5.74586197e+000	-8.73677771e-002	
5.75107600e+000	-8.77256411e-002	
5.75629003e+000	-8.80835051e-002	
5.76150406e+000	-8.84413690e-002	
5.76671810e+000	-8.87992330e-002	
5.77193213e+000	-8.91570970e-002	
5.77714616e+000	-8.95149610e-002	
5.78236019e+000	-8.98728249e-002	
5.78757422e+000	-9.03681497e-002	
5.79278825e+000	-9.07506123e-002	
5.79800228e+000	-9.11330748e-002	
5.80321631e+000	-9.15155374e-002	
5.80843034e+000	-9.18980000e-002	
5.81364437e+000	-9.22804625e-002	
5.81885840e+000	-9.26629251e-002	
5.82407243e+000	-9.30453876e-002	
5.82928647e+000	-9.34278502e-002	
5.83450050e+000	-9.38103127e-002	
5.83971453e+000	-9.41927753e-002	
5.84492856e+000	-9.45752378e-002	
5.85014259e+000	-9.49577004e-002	
5.85535662e+000	-9.53401629e-002	
5.86057065e+000	-9.57226255e-002	
5.86578468e+000	-9.61050880e-002	
5.87099871e+000	-9.64875506e-002	
5.87621274e+000	-9.68700132e-002	
5.88142677e+000	-9.72524757e-002	
5.88664080e+000	-9.76349383e-002	
5.89185484e+000	-9.80174008e-002	
5.89706887e+000	-9.83998634e-002	
5.90228290e+000	-9.87823259e-002	
5.90749693e+000	-9.91647885e-002	
5.91271096e+000	-9.95472510e-002	
5.91792499e+000	-9.99297136e-002	
5.92313902e+000	-1.00312176e-001	
5.92835305e+000	-1.00694639e-001	
5.93356708e+000	-1.01077101e-001	
5.93878111e+000	-1.01459564e-001	
5.94399514e+000	-1.02008707e-001	
5.94920917e+000	-1.02420038e-001	
5.95442321e+000	-1.02831369e-001	
5.95963724e+000	-1.03242699e-001	
5.96485127e+000	-1.03654030e-001	
5.97006530e+000	-1.04065361e-001	
5.97527933e+000	-1.04476691e-001	
5.98049336e+000	-1.04888022e-001	
5.98570739e+000	-1.05299352e-001	
5.99092142e+000	-1.05710683e-001	
5.99613545e+000	-1.06122014e-001	
6.00134948e+000	-1.06533344e-001	
6.00656351e+000	-1.06944675e-001	
6.01177754e+000	-1.07356006e-001	
6.01699158e+000	-1.07767336e-001	
6.02220561e+000	-1.08178667e-001	
6.02741964e+000	-1.08589997e-001	
6.03263367e+000	-1.09001328e-001	
6.03784770e+000	-1.09412659e-001	
6.04306173e+000	-1.09823989e-001	
6.04827576e+000	-1.10235320e-001	
6.05348979e+000	-1.10646651e-001	
6.05870382e+000	-1.11057981e-001	
6.06391785e+000	-1.11469312e-001	
6.06913188e+000	-1.11880642e-001	
6.07434591e+000	-1.12291973e-001	
6.07955994e+000	-1.12703304e-001	
6.08477398e+000	-1.13114634e-001	
6.08998801e+000	-1.13525965e-001	
6.09520204e+000	-1.13937296e-001	
6.10041607e+000	-1.14555602e-001	
6.10563010e+000	-1.15013973e-001	
6.11084413e+000	-1.15472344e-001	
6.11605816e+000	-1.15930716e-001	
6.12127219e+000	-1.16389087e-001	
6.12648622e+000	-1.16847458e-001	
6.13170025e+000	-1.17305829e-001	
6.13691428e+000	-1.17764201e-001	
6.14212831e+000	-1.18222572e-001	
6.14734235e+000	-1.18680943e-001	
6.15255638e+000	-1.19139314e-001	
6.15777041e+000	-1.19597686e-001	
6.16298444e+000	-1.20056057e-001	
6.16819847e+000	-1.20514428e-001	
6.17341250e+000	-1.20972799e-001	
6.17862653e+000	-1.21431171e-001	
6.18384056e+000	-1.21889542e-001	
6.18905459e+000	-1.22347913e-001	
6.19426862e+000	-1.22806284e-001	
6.19948265e+000	-1.23264656e-001	
6.20469668e+000	-1.23723027e-001	
6.20991072e+000	-1.24181398e-001	
6.21512475e+000	-1.24639769e-001	
6.22033878e+000	-1.25098141e-001	
6.22555281e+000	-1.25556512e-001	
6.23076684e+000	-1.26014883e-001	
6.23598087e+000	-1.26473254e-001	
6.24119490e+000	-1.26931626e-001	
6.24640893e+000	-1.27389997e-001	
6.25162296e+000	-1.27848368e-001	
6.25683699e+000	-1.28548779e-001	
6.26205102e+000	-1.29066702e-001	
6.26726505e+000	-1.29584625e-001	
6.27247909e+000	-1.30102548e-001	
6.27769312e+000	-1.30620471e-001	
6.28290715e+000	-1.31138394e-001	
6.28812118e+000	-1.31656317e-001	
6.29333521e+000	-1.32174240e-001	
6.29854924e+000	-1.32692163e-001	
6.30376327e+000	-1.33210086e-001	
6.30897730e+000	-1.33728009e-001	
6.31419133e+000	-1.34245932e-001	
6.31940536e+000	-1.34763855e-001	
6.32461939e+000	-1.35281778e-001	
6.32983342e+000	-1.35799701e-001	
6.33504746e+000	-1.36317624e-001	
6.34026149e+000	-1.36835547e-001	
6.34547552e+000	-1.37353470e-001	
6.35068955e+000	-1.37871393e-001	
6.35590358e+000	-1.38389316e-001	
6.36111761e+000	-1.38907239e-001	
6.36633164e+000	-1.39425162e-001	
6.37154567e+000	-1.39943085e-001	
6.37675970e+000	-1.40461008e-001	
6.38197373e+000	-1.40978931e-001	
6.38718776e+000	-1.41496854e-001	
6.39240179e+000	-1.42014777e-001	
6.39761583e+000	-1.42532700e-001	
6.40282986e+000	-1.43050623e-001	
6.40804389e+000	-1.43568546e-001	
6.41325792e+000	-1.44354330e-001	
6.41847195e+000	-1.44946755e-001	
6.42368598e+000	-1.45539180e-001	
6.42890001e+000	-1.46131605e-001	
6.43411404e+000	-1.46724030e-001	
6.43932807e+000	-1.47316455e-001	
6.44454210e+000	-1.47908880e-001	
6.44975613e+000	-1.48501305e-001	
6.45497016e+000	-1.49093730e-001	
6.46018420e+000	-1.49686155e-001	
6.46539823e+000	-1.50278580e-001	
6.47061226e+000	-1.50871005e-001	
6.47582629e+000	-1.51463430e-001	
6.48104032e+000	-1.52055855e-001	
6.48625435e+000	-1.52648280e-001	
6.49146838e+000	-1.53240705e-001	
6.49668241e+000	-1.53833130e-001	
6.50189644e+000	-1.54425555e-001	
6.50711047e+000	-1.55017980e-001	
6.51232450e+000	-1.55610405e-001	
6.51753853e+000	-1.56202830e-001	
6.52275257e+000	-1.56795255e-001	
6.52796660e+000	-1.57387680e-001	
6.53318063e+000	-1.57980105e-001	
6.53839466e+000	-1.58572530e-001	
6.54360869e+000	-1.59164954e-001	
6.54882272e+000	-1.59757379e-001	
6.55403675e+000	-1.60349804e-001	
6.55925078e+000	-1.60942229e-001	
6.56446481e+000	-1.61534654e-001	
6.56967884e+000	-1.62411552e-001	
6.57489287e+000	-1.63059847e-001	
6.58010690e+000	-1.63708142e-001	
6.58532094e+000	-1.64356437e-001	
6.59053497e+000	-1.65004732e-001	
6.59574900e+000	-1.65653026e-001	
6.60096303e+000	-1.66301321e-001	
6.60617706e+000	-1.66949616e-001	
6.61139109e+000	-1.67597911e-001	
6.61660512e+000	-1.68246206e-001	
6.62181915e+000	-1.68894501e-001	
6.62703318e+000	-1.69542796e-001	
6.63224721e+000	-1.70191091e-001	
6.63746124e+000	-1.70839386e-001	
6.64267527e+000	-1.71487681e-001	
6.64788931e+000	-1.72135976e-001	
6.65310334e+000	-1.72784270e-001	
6.65831737e+000	-1.73432565e-001	
6.66353140e+000	-1.74080860e-001	
6.66874543e+000	-1.74729155e-001	
6.67395946e+000	-1.75377450e-001	
6.67917349e+000	-1.76025745e-001	
6.68438752e+000	-1.76674040e-001	
6.68960155e+000	-1.77322335e-001	
6.69481558e+000	-1.77970630e-001	
6.70002961e+000	-1.78618925e-001	
6.70524364e+000	-1.79267219e-001	
6.71045768e+000	-1.79915514e-001	
6.71567171e+000	-1.80563809e-001	
6.72088574e+000	-1.81212104e-001	
6.72609977e+000	-1.82186749e-001	
6.73131380e+000	-1.82884658e-001	
6.73652783e+000	-1.83582568e-001	
6.74174186e+000	-1.84280477e-001	
6.74695589e+000	-1.84978386e-001	
6.75216992e+000	-1.85676296e-001	
6.75738395e+000	-1.86374205e-001	
6.76259798e+000	-1.87072114e-001	
6.76781201e+000	-1.87770024e-001	
6.77302605e+000	-1.88467933e-001	
6.77824008e+000	-1.89165842e-001	
6.78345411e+000	-1.89863752e-001	
6.78866814e+000	-1.90561661e-001	
6.79388217e+000	-1.91259570e-001	
6.79909620e+000	-1.91957480e-001	
6.80431023e+000	-1.92655389e-001	
6.80952426e+000	-1.93353298e-001	
6.81473829e+000	-1.94051208e-001	
6.81995232e+000	-1.94749117e-001	
6.82516635e+000	-1.95447026e-001	
6.83038038e+000	-1.96144936e-001	
6.83559441e+000	-1.96842845e-001	
6.84080845e+000	-1.97540754e-001	
6.84602248e+000	-1.98238664e-001	
6.85123651e+000	-1.98936573e-001	
6.85645054e+000	-1.99634482e-001	
6.86166457e+000	-2.00332392e-001	
6.86687860e+000	-2.01030301e-001	
6.87209263e+000	-2.01728210e-001	
6.87730666e+000	-2.02426120e-001	
6.88252069e+000	-2.03507080e-001	
6.88773472e+000	-2.04259837e-001	
6.89294875e+000	-2.05012594e-001	
6.89816278e+000	-2.05765351e-001	
6.90337682e+000	-2.06518107e-001	
6.90859085e+000	-2.07270864e-001	
6.91380488e+000	-2.08023621e-001	
6.91901891e+000	-2.08776378e-001	
6.92423294e+000	-2.09529134e-001	
6.92944697e+000	-2.10281891e-001	
6.93466100e+000	-2.11034648e-001	
6.93987503e+000	-2.11787405e-001	
6.94508906e+000	-2.12540162e-001	
6.95030309e+000	-2.13292918e-001	
6.95551712e+000	-2.14045675e-001	
6.96073115e+000	-2.14798432e-001	
6.96594519e+000	-2.15551189e-001	
6.97115922e+000	-2.16303945e-001	
6.97637325e+000	-2.17056702e-001	
6.98158728e+000	-2.17809459e-001	
6.98680131e+000	-2.18562216e-001	
6.99201534e+000	-2.19314972e-001	
6.99722937e+000	-2.20067729e-001	
7.00244340e+000	-2.20820486e-001	
7.00765743e+000	-2.21573243e-001	
7.01287146e+000	-2.22325999e-001	
7.01808549e+000	-2.23078756e-001	
7.02329952e+000	-2.23831513e-001	
7.02851356e+000	-2.24584270e-001	
7.03372759e+000	-2.25337027e-001	
7.03894162e+000	-2.26560622e-001	
7.04415565e+000	-2.27396378e-001	
7.04936968e+000	-2.28232134e-001	
7.05458371e+000	-2.29067891e-001	
7.05979774e+000	-2.29903647e-001	
7.06501177e+000	-2.30739404e-001	
7.07022580e+000	-2.31575160e-001	
7.07543983e+000	-2.32410916e-001	
7.08065386e+000	-2.33246673e-001	
7.08586789e+000	-2.34082429e-001	
7.09108193e+000	-2.34918185e-001	
7.09629596e+000	-2.35753942e-001	
7.10150999e+000	-2.36589698e-001	
7.10672402e+000	-2.37425454e-001	
7.11193805e+000	-2.38261211e-001	
7.11715208e+000	-2.39096967e-001	
7.12236611e+000	-2.39932723e-001	
7.12758014e+000	-2.40768480e-001	
7.13279417e+000	-2.41604236e-001	
7.13800820e+000	-2.42439993e-001	
7.14322223e+000	-2.43275749e-001	
7.14843626e+000	-2.44111505e-001	
7.15365030e+000	-2.44947262e-001	
7.15886433e+000	-2.45783018e-001	
7.16407836e+000	-2.46618774e-001	
7.16929239e+000	-2.47454531e-001	
7.17450642e+000	-2.48290287e-001	
7.17972045e+000	-2.49126043e-001	
7.18493448e+000	-2.49961800e-001	
7.19014851e+000	-2.50797556e-001	
7.19536254e+000	-2.52125816e-001	
7.20057657e+000	-2.53026003e-001	
7.20579060e+000	-2.53926191e-001	
7.21100463e+000	-2.54826379e-001	
7.21621867e+000	-2.55726567e-001	
7.22143270e+000	-2.56626755e-001	
7.22664673e+000	-2.57526943e-001	
7.23186076e+000	-2.58427130e-001	
7.23707479e+000	-2.59327318e-001	
7.24228882e+000	-2.60227506e-001	
7.24750285e+000	-2.61127694e-001	
7.25271688e+000	-2.62027882e-001	
7.25793091e+000	-2.62928070e-001	
7.26314494e+000	-2.63828257e-001	
7.26835897e+000	-2.64728445e-001	
7.27357300e+000	-2.65628633e-001	
7.27878704e+000	-2.66528821e-001	
7.28400107e+000	-2.67429009e-001	
7.28921510e+000	-2.68329197e-001	
7.29442913e+000	-2.69229384e-001	
7.29964316e+000	-2.70129572e-001	
7.30485719e+000	-2.71029760e-001	
7.31007122e+000	-2.71929948e-001	
7.31528525e+000	-2.72830136e-001	
7.32049928e+000	-2.73730323e-001	
7.32571331e+000	-2.74630511e-001	
7.33092734e+000	-2.75530699e-001	
7.33614137e+000	-2.76430887e-001	
7.34135541e+000	-2.77331075e-001	
7.34656944e+000	-2.78231263e-001	
7.35178347e+000	-2.79573490e-001	
7.35699750e+000	-2.80428215e-001	
7.36221153e+000	-2.81282940e-001	
7.36742556e+000	-2.82137665e-001	
7.37263959e+000	-2.82992390e-001	
7.37785362e+000	-2.83847115e-001	
7.38306765e+000	-2.84701840e-001	
7.38828168e+000	-2.85556565e-001	
7.39349571e+000	-2.86411290e-001	
7.39870974e+000	-2.87266015e-001	
7.40392378e+000	-2.88120741e-001	
7.40913781e+000	-2.88975466e-001	
7.41435184e+000	-2.89830191e-001	
7.41956587e+000	-2.90684916e-001	
7.42477990e+000	-2.91539641e-001	
7.42999393e+000	-2.92302822e-001	
7.43520796e+000	-2.93061179e-001	
7.44042199e+000	-2.93819536e-001	
7.44563602e+000	-2.94577894e-001	
7.45085005e+000	-2.95336251e-001	
7.45606408e+000	-2.96094608e-001	
7.46127811e+000	-2.96852966e-001	
7.46649215e+000	-2.97611323e-001	
7.47170618e+000	-2.98369680e-001	
7.47692021e+000	-2.99128038e-001	
7.48213424e+000	-2.99886395e-001	
7.48734827e+000	-3.00644752e-001	
7.49256230e+000	-3.01403110e-001	
7.49777633e+000	-3.02161467e-001	
7.50299036e+000	-3.02919824e-001	
7.50820439e+000	-3.04395568e-001	
7.51341842e+000	-3.05333011e-001	
7.51863245e+000	-3.06270454e-001	
7.52384648e+000	-3.07207896e-001	
7.52906052e+000	-3.08145339e-001	
7.53427455e+000	-3.09082781e-001	
7.53948858e+000	-3.10020224e-001	
7.54470261e+000	-3.10957667e-001	
7.54991664e+000	-3.11895109e-001	
7.55513067e+000	-3.12832552e-001	
7.56034470e+000	-3.13769995e-001	
7.56555873e+000	-3.14707437e-001	
7.57077276e+000	-3.15644880e-001	
7.57598679e+000	-3.16582322e-001	
7.58120082e+000	-3.17519765e-001	
7.58641485e+000	-3.18569752e-001	
7.59162888e+000	-3.19623241e-001	
7.59684292e+000	-3.20676729e-001	
7.60205695e+000	-3.21730218e-001	
7.60727098e+000	-3.22783707e-001	
7.61248501e+000	-3.23837196e-001	
7.61769904e+000	-3.24890684e-001	
7.62291307e+000	-3.25907461e-001	
7.62812710e+000	-3.26883744e-001	
7.63334113e+000	-3.27860027e-001	
7.63855516e+000	-3.28836310e-001	
7.64376919e+000	-3.29812593e-001	
7.64898322e+000	-3.30788876e-001	
7.65419725e+000	-3.31765159e-001	
7.65941129e+000	-3.32741442e-001	
7.66462532e+000	-3.34152529e-001	
7.66983935e+000	-3.35001174e-001	
7.67505338e+000	-3.35849820e-001	
7.68026741e+000	-3.36698465e-001	
7.68548144e+000	-3.37547110e-001	
7.69069547e+000	-3.38395755e-001	
7.69590950e+000	-3.39244401e-001	
7.70112353e+000	-3.40093046e-001	
7.70633756e+000	-3.40941691e-001	
7.71155159e+000	-3.41771928e-001	
7.71676562e+000	-3.42601817e-001	
7.72197966e+000	-3.43431705e-001	
7.72719369e+000	-3.44261594e-001	
7.73240772e+000	-3.45091482e-001	
7.73762175e+000	-3.45921371e-001	
7.74283578e+000	-3.46751259e-001	
7.74804981e+000	-3.47581147e-001	
7.75326384e+000	-3.48411036e-001	
7.75847787e+000	-3.49400122e-001	
7.76369190e+000	-3.50391335e-001	
7.76890593e+000	-3.51382548e-001	
7.77411996e+000	-3.52268650e-001	
7.77933399e+000	-3.53153717e-001	
7.78454803e+000	-3.54038784e-001	
7.78976206e+000	-3.54842262e-001	
7.79497609e+000	-3.55645183e-001	
7.80019012e+000	-3.56448104e-001	
7.80540415e+000	-3.57314700e-001	
7.81061818e+000	-3.58246673e-001	
7.81583221e+000	-3.59104935e-001	
